19
27
32
39
40
87
89
103
118
125
150
163
196
198
200
201
211
226
248
250
289
302
307
311
322
328
332
403
405
412
445
446
458
460
481
587
625
669
696
831
839
887
909
1069
1088
1098
1183
1235
1246
1263
1334
1355
1363
1502
1553
1578
1594
1624
1723
1737
1743
1841
1867
1898
1926
1963
1970
2007
2092
2136
2159
2182
2196
2289
2384
2391
2416
2436
2514
2518
2691
2764
2817
2836
2843
2893
2952
2989
3112
3168
3214
3240
3242
3259
3374
3436
3440
3486
3526
3607
3664
3699
3723
3807
3830
3879
3947
3982
3983
4014
4018
4051
4088
4137
4195
4214
4267
4340
4362
4397
4406
4441
4481
4788
4813
4853
4859
4898
5022
5049
5104
5163
5192
5339
5390
5456
5463
5514
5561
5652
5678
5703
5750
5778
5789
6000
6019
6064
6081
6147
6181
6209
6385
6415
6437
6454
6531
6563
6818
6836
6848
6880
6925
7059
7067
7078
7178
7190
7226
7264
7278
7302
7312
7402
7447
7505
7511
7517
7635
7780
7794
7800
7859
8014
8051
8088
8108
8123
8238
8312
8419
8425
8465
8580
8609
8629
8630
8747
8838
8975
